City_ID,City,Lat,Lng,Max Temp,Humidity,Cloudiness,Wind Speed,Country,Date
0,port-aux-francais,-49.35,70.2167,45.61,93,72,34.2,TF,1707498513
1,port elizabeth,-33.918,25.5701,72.1,86,11,8.99,ZA,1707498514
2,new norfolk,-42.7826,147.0587,51.3,95,0,1.92,AU,1707498514
3,tolga,34.7222,5.3785,72.27,13,100,15.14,DZ,1707498514
4,yaren,-0.5472,166.916,82.62,75,91,10.36,NR,1707498514
5,ribeira brava,32.65,-17.0667,73.0,82,100,17.69,PT,1707498514
6,puerto natales,-51.7236,-72.4875,63.05,48,40,29.93,CL,1707498515
7,sarmanovo,55.2553,52.5891,2.08,93,100,12.44,RU,1707498515
8,roma,43.2128,-75.4557,56.82,52,100,10.36,US,1707498515
9,toliara,-23.35,43.6667,82.96,74,70,7.38,MG,1707498515
10,edinburgh of the seven seas,-37.0676,-12.3116,67.35,90,94,24.85,SH,1707498515
11,brezina,33.0989,1.2608,61.81,18,100,25.5,DZ,1707498515
12,iskateley,67.6803,53.1512,6.03,95,87,8.01,RU,1707498516
13,bethanie,-26.4833,17.15,88.92,11,85,20.11,NA,1707498516
14,ulsteinvik,62.3432,5.8487,28.53,62,3,8.99,NO,1707498516
15,tobelo,1.7284,128.0095,79.48,87,100,5.48,ID,1707498516
16,vila franca do campo,37.7167,-25.4333,64.89,99,92,9.08,PT,1707498516
17,nova sintra,14.8667,-24.7167,70.75,70,0,14.61,CV,1707498516
18,charlotte,35.2271,-80.8431,54.77,64,100,9.22,US,1707498384
19,haiku-pauwela,20.9219,-156.3051,71.04,80,20,5.99,US,1707498517
20,ushuaia,-54.8,-68.3,53.26,71,75,21.85,AR,1707498517
21,thompson,55.7435,-97.8558,1.56,85,100,9.22,CA,1707498517
22,fale old settlement,-9.3852,-171.2468,84.83,75,99,12.53,TK,1707498517
23,ondjiva,-17.0667,15.7333,88.54,35,32,6.85,AO,1707498518
24,hamilton,39.1834,-84.5333,62.4,65,75,12.66,US,1707498407
25,carnarvon,-24.8667,113.6333,83.52,49,0,20.42,AU,1707498518
26,georgetown,5.4112,100.3354,85.95,75,20,8.05,MY,1707498221
27,alofi,-19.0595,-169.9187,78.69,94,75,11.5,NU,1707498518
28,qarqaraly,49.4058,75.4742,33.35,80,99,20.31,KZ,1707498518
29,adamstown,-25.066,-130.1015,77.34,88,100,14.45,PN,1707498518
30,puerto ayora,-0.7393,-90.3518,85.96,83,89,7.0,EC,1707498518
31,waitangi,-43.9535,-176.5597,54.95,63,3,7.65,NZ,1707498519
32,ust-nera,64.5667,143.2,-35.46,100,83,2.19,RU,1707498519
33,selfoss,63.9331,-20.9971,17.71,80,100,8.93,IS,1707498519
34,keetmanshoop,-26.5833,18.1333,88.63,14,69,23.04,NA,1707498519
35,hermanus,-34.4187,19.2345,63.81,72,20,14.29,ZA,1707498519
36,port hueneme,34.1478,-119.1951,56.07,70,0,10.36,US,1707498520
37,aasiaat,68.7098,-52.8699,0.68,81,100,21.39,GL,1707498520
38,port mathurin,-19.6833,63.4167,80.92,74,70,21.7,MU,1707498520
39,tiksi,71.6872,128.8694,-15.02,100,100,3.36,RU,1707498520
40,canutama,-6.5339,-64.3831,94.46,49,100,3.67,BR,1707498520
41,jamestown,42.097,-79.2353,60.39,60,0,18.41,US,1707498388
42,taoudenni,22.6783,-3.9836,82.45,6,37,5.06,ML,1707498520
43,roma-los saenz,26.4051,-99.0159,77.04,55,55,15.93,US,1707498521
44,albany,42.6001,-73.9662,51.1,55,84,5.53,US,1707498521
45,college,64.8569,-147.8028,11.44,83,75,0.0,US,1707498521
46,nizhneudinsk,54.9076,99.0276,24.24,90,100,4.59,RU,1707498521
47,kapit,2.0167,112.9333,75.15,98,100,0.65,MY,1707498521
48,ancud,-41.8697,-73.8203,64.87,59,10,5.97,CL,1707498522
49,san borja,-14.8167,-66.85,93.31,50,38,8.01,BO,1707498522
50,kashgar,39.4547,75.9797,32.58,53,100,1.59,CN,1707498522
51,grytviken,-54.2811,-36.5092,39.51,79,92,15.61,GS,1707498522
52,ternate,0.8,127.4,80.11,85,97,7.11,ID,1707498522
53,brisas de zicatela,15.8369,-97.0419,84.72,70,20,0.0,MX,1707498522
54,olonkinbyen,70.9221,-8.7187,27.23,63,6,11.74,SJ,1707498523
55,ribeira grande,38.5167,-28.7,61.2,72,20,7.0,PT,1707498523
56,cururupu,-1.8283,-44.8683,88.52,57,61,7.81,BR,1707498523
57,sand springs,36.1398,-96.1089,58.91,53,0,8.05,US,1707498523
58,isafjordur,66.0755,-23.124,28.44,54,40,6.91,IS,1707498523
59,formosa do rio preto,-11.0483,-45.1931,81.75,72,95,1.61,BR,1707498524
60,nadi,-17.8,177.4167,77.0,83,40,3.44,FJ,1707498274
61,piton saint-leu,-21.2196,55.3151,77.11,65,0,6.91,RE,1707498524
62,magalia,39.8121,-121.5783,38.12,87,100,0.16,US,1707498522
63,papatowai,-46.5619,169.4708,54.52,62,100,8.97,NZ,1707498524
64,invercargill,-46.4,168.35,54.01,75,100,5.01,NZ,1707498414
65,susuman,62.7833,148.1667,-37.01,100,99,1.99,RU,1707498525
66,narvik,68.4384,17.4272,26.01,75,85,9.31,NO,1707498320
67,mount isa,-20.7333,139.5,76.77,83,11,6.91,AU,1707498427
68,bridgewater,44.3835,-64.5155,38.68,61,21,2.3,CA,1707498293
69,purranque,-40.9167,-73.1667,75.7,32,11,6.17,CL,1707498525
70,iqaluit,63.7506,-68.5145,-22.97,89,7,9.06,CA,1707498525
71,flin flon,54.7682,-101.865,6.06,86,79,3.67,CA,1707498525
72,blackmans bay,-43.0167,147.3167,50.13,78,7,6.33,AU,1707498526
73,mount gambier,-37.8333,140.7667,59.94,72,72,10.13,AU,1707498526
74,forster,-32.1667,152.5167,71.38,97,74,7.63,AU,1707498526
75,terbanggi besar,-4.8667,105.2333,77.92,90,100,1.79,ID,1707498526
76,margate,51.3813,1.3862,52.88,83,63,11.99,GB,1707498526
77,berdigestyakh,62.0989,126.6992,-19.55,99,100,1.36,RU,1707498526
78,ilulissat,69.2167,-51.1,3.22,55,75,19.57,GL,1707498526
79,saudarkrokur,65.7461,-19.6394,12.06,77,90,6.22,IS,1707498526
80,al hilaliyya,14.9398,33.234,82.71,14,7,9.71,SD,1707498527
81,minas,-34.3759,-55.2377,101.19,25,62,13.18,UY,1707498506
82,yellowknife,62.456,-114.3525,-6.59,90,35,8.01,CA,1707498527
83,bouarfa,32.53,-1.95,60.31,16,100,24.49,MA,1707498527
84,kourou,5.1552,-52.6478,87.85,70,88,8.12,GF,1707498527
85,riviere-du-loup,47.8304,-69.5342,32.56,98,100,0.34,CA,1707498476
86,antalaha,-14.9003,50.2788,80.19,85,100,0.63,MG,1707498527
87,thunder bay,48.4001,-89.3168,39.18,100,100,5.75,CA,1707498274
88,bengkulu,-3.8004,102.2655,76.78,91,96,3.91,ID,1707498528
89,mermoz boabab,14.7065,-17.4758,99.16,67,0,15.82,SN,1707498528
90,vlore,40.4667,19.4897,56.86,74,68,18.72,AL,1707498528
91,flekkefjord,58.2971,6.6607,22.42,69,100,24.7,NO,1707498528
92,saint-philippe,-21.3585,55.7679,80.19,84,100,16.93,RE,1707498440
93,san patricio,28.017,-97.5169,78.75,62,99,13.18,US,1707498528
94,turan,16.0678,108.2208,69.78,73,75,5.75,VN,1707498528
95,laguna,38.421,-121.4238,46.02,93,0,0.0,US,1707498528
96,nkhotakota,-12.9274,34.2961,78.3,77,73,4.14,MW,1707498529
97,fonte boa,-2.4959,-66.2662,93.25,53,86,2.51,BR,1707498529
98,kirakira,-10.4544,161.9205,79.75,89,100,16.67,SB,1707498529
99,avarua,-21.2078,-159.775,78.85,78,75,11.5,CK,1707498529
100,vilyuchinsk,52.9306,158.4028,2.93,87,28,8.32,RU,1707498529
101,kish,26.5578,54.0194,64.67,59,0,0.0,IR,1707498530
102,porto seguro,-16.4497,-39.0647,82.92,65,75,10.36,BR,1707498418
103,bredasdorp,-34.5322,20.0403,68.29,63,25,17.47,ZA,1707498405
104,salekhard,66.53,66.6019,-2.07,86,95,21.61,RU,1707498530
105,kharp,66.8014,65.8081,-0.56,90,85,7.96,RU,1707498530
106,privolzhsk,57.3808,41.2886,5.0,96,97,8.3,RU,1707498530
107,ajuchitlan del progreso,18.1519,-100.4835,85.82,47,0,3.74,MX,1707498530
108,whitehorse,60.7161,-135.0538,8.02,82,100,25.32,CA,1707498530
109,bandon,51.7469,-8.7425,47.79,83,71,9.69,IE,1707498530
110,kodiak,57.79,-152.4072,38.71,93,100,24.16,US,1707498382
111,parauapebas,-6.0675,-49.9022,80.58,88,75,0.0,BR,1707498531
112,greymouth,-42.4667,171.2,53.51,85,85,3.56,NZ,1707498531
113,chumphon,10.3333,98.8333,72.19,95,23,2.95,TH,1707498531
114,mareeba,-17.0,145.4333,72.45,91,70,2.73,AU,1707498531
115,tanda,26.55,82.65,52.97,41,0,2.89,IN,1707498531
116,griffith,41.5284,-87.4237,56.1,57,0,18.41,US,1707498531
117,korla,41.7597,86.1469,28.8,69,35,5.97,CN,1707498485
118,patterson,37.4716,-121.1297,46.06,94,83,2.17,US,1707498532
119,noosa heads,-26.3833,153.15,74.34,76,93,14.23,AU,1707498532
120,tobruk,32.0836,23.9764,61.34,72,0,6.55,LY,1707498532
121,arno,60.1167,18.6333,20.79,91,30,7.07,SE,1707498532
122,lebu,-37.6167,-73.65,63.95,67,56,11.03,CL,1707498532
123,north battleford,52.7834,-108.2847,23.09,80,100,12.66,CA,1707498532
124,dakoro,14.5106,6.765,81.61,10,61,6.15,NE,1707498532
125,auki,-8.7676,160.7034,79.25,89,100,15.03,SB,1707498533
126,weno,7.4515,151.8468,81.14,69,100,18.34,FM,1707498533
127,hauterive,46.0901,3.4459,54.36,81,100,6.11,FR,1707498533
128,morehead city,34.7229,-76.726,54.03,76,40,4.61,US,1707498533
129,punta arenas,-53.15,-70.9167,55.51,67,75,17.27,CL,1707498397
130,kapuskasing,49.4169,-82.4331,41.09,93,100,11.5,CA,1707498533
131,aktobe,50.2797,57.2072,12.29,85,0,11.18,KZ,1707498533
132,kamiiso,41.8167,140.65,24.91,72,100,3.09,JP,1707498533
133,mount pearl,47.5166,-52.7813,32.95,96,100,16.11,CA,1707498533
134,bethel,41.3712,-73.414,51.37,69,0,10.36,US,1707498379
135,colonia,50.9333,6.95,54.97,76,100,6.53,DE,1707498534
136,jiuquan,39.7432,98.5174,28.94,50,13,6.51,CN,1707498534
137,jimo,36.3897,120.4622,33.78,84,5,4.41,CN,1707498534
138,ad dilam,23.9915,47.1627,66.61,33,29,10.22,SA,1707498534
139,uturoa,-16.7333,-151.4333,80.56,79,100,3.8,PF,1707498534
140,camana,-16.6228,-72.7111,80.31,75,16,10.13,PE,1707498534
141,lihue,21.9789,-159.3672,71.19,85,100,4.61,US,1707498535
142,kolwezi,-10.7148,25.4667,65.98,88,100,3.69,CD,1707498535
143,mount pleasant,32.7941,-79.8626,68.0,74,0,6.91,US,1707498529
144,petropavlovsk-kamchatsky,53.0452,158.6483,1.45,85,19,5.99,RU,1707498535
145,stanley,54.868,-1.6985,44.19,95,100,10.36,GB,1707498535
146,frankenmuth,43.3317,-83.738,60.73,55,0,24.16,US,1707498365
147,undurkhaan,47.3194,110.6556,-9.0,93,19,4.97,MN,1707498535
148,myeik,12.4333,98.6,76.84,80,6,2.55,MM,1707498495
149,fuxin,42.0156,121.6589,12.92,89,5,3.27,CN,1707498536
150,longyearbyen,78.2186,15.6401,22.84,68,75,2.3,SJ,1707498536
151,douliu,23.7094,120.5433,62.76,73,83,6.73,TW,1707498536
152,margaret river,-33.95,115.0667,70.65,55,0,6.4,AU,1707498536
153,paphos,34.7667,32.4167,58.78,77,20,2.3,CY,1707498536
154,utrik,11.2278,169.8474,79.23,72,100,22.55,MH,1707498536
155,hadithah,34.1397,42.3781,61.74,47,99,9.57,IQ,1707498536
156,partapur,23.6,74.1667,67.28,27,1,7.81,IN,1707498537
157,port lincoln,-34.7333,135.8667,62.92,81,0,18.37,AU,1707498537
158,queenstown,-31.8976,26.8753,69.62,62,47,12.21,ZA,1707498394
159,kenora,49.8167,-94.4337,16.77,86,100,11.5,CA,1707498515
160,palikir - national government center,6.9248,158.1611,81.34,78,100,2.3,FM,1707498537
161,nadym,65.5333,72.5167,6.1,96,100,11.41,RU,1707498537
162,slave lake,55.2834,-114.769,16.61,89,90,5.46,CA,1707498537
163,keflavik,64.0049,-22.5624,27.03,74,75,12.66,IS,1707498537
164,ola,59.5833,151.2833,-22.86,88,29,8.08,RU,1707498537
165,okha,53.5739,142.9478,-15.57,99,37,6.49,RU,1707498538
166,antofagasta,-23.65,-70.4,74.48,66,28,9.44,CL,1707498286
167,teslic,44.6064,17.8597,55.04,58,95,8.05,BA,1707498538
168,chonchi,-42.6128,-73.8092,69.01,38,96,3.87,CL,1707498538
169,amga,60.8953,131.9608,-41.48,100,99,0.67,RU,1707498538
170,sorong,-0.8833,131.25,81.64,82,100,13.69,ID,1707498538
171,alice springs,-23.7,133.8833,81.21,30,70,6.91,AU,1707498538
172,qaqortoq,60.7167,-46.0333,12.24,62,100,8.68,GL,1707498385
173,qarazhal,48.0078,70.7903,36.37,78,100,21.0,KZ,1707498538
174,el quebrachal,-25.2833,-64.0667,96.04,40,42,6.04,AR,1707498539
175,floro,61.5996,5.0328,31.96,55,0,12.66,NO,1707498539
176,craig,40.5153,-107.5464,22.95,86,100,3.44,US,1707498348
177,sao joao da barra,-21.6403,-41.0511,91.49,72,8,16.84,BR,1707498539
178,ma'an,26.9775,110.7211,39.67,90,24,3.58,CN,1707498539
179,ankleshwar,21.6,73.0,73.08,25,1,9.1,IN,1707498539
180,hawaiian paradise park,19.5933,-154.9731,67.03,93,75,5.75,US,1707498539
181,kill devil hills,36.0307,-75.676,51.8,87,0,3.44,US,1707498540
182,tommot,58.9564,126.2925,-24.25,100,94,1.23,RU,1707498540
183,aykhal,66.0,111.5,-26.75,100,100,3.78,RU,1707498540
184,port saint john's,-31.6229,29.5448,75.78,89,34,4.14,ZA,1707498442
185,khorixas,-20.3667,14.9667,87.31,30,48,16.42,NA,1707498540
186,strelka,58.0728,93.0344,34.52,85,99,13.02,RU,1707498540
187,verkhniy baskunchak,48.2256,46.7217,28.27,96,100,6.73,RU,1707498540
188,mana,5.6592,-53.7767,86.2,63,86,12.03,GF,1707498540
189,beaufort west,-32.3567,22.583,79.18,18,0,24.0,ZA,1707498541
190,zakynthos,37.7914,20.8953,57.63,82,40,4.61,GR,1707498541
191,rouissat,31.9243,5.3502,72.37,12,95,17.25,DZ,1707498541
192,kabansk,52.0486,106.6528,9.63,86,87,5.7,RU,1707498541
193,saint-pierre,-21.3393,55.4781,80.28,65,0,6.91,RE,1707498396
194,sultanah,24.4926,39.5857,77.45,27,0,3.44,SA,1707498541
195,bargaal,11.2864,51.0773,77.14,76,52,11.14,SO,1707498542
196,polyarnyy,69.1989,33.4478,1.53,95,100,5.5,RU,1707498542
197,houghton,47.1219,-88.569,36.88,90,100,23.02,US,1707498542
198,pasni,25.2631,63.471,71.69,65,0,12.55,PK,1707498542
199,maintirano,-18.0667,44.0167,82.56,78,99,4.88,MG,1707498542
200,souillac,-20.5167,57.5167,79.34,77,100,19.53,MU,1707498543
201,christchurch,-43.5333,172.6333,52.95,88,100,3.44,NZ,1707498543
202,bir el hafey,34.9321,9.1932,61.7,20,90,20.11,TN,1707498543
203,nar'yan-mar,67.6713,53.087,6.12,95,87,8.01,RU,1707498543
204,xique xique,-10.8217,-42.7311,86.68,56,53,1.28,BR,1707498505
205,sambir,49.5183,23.1975,47.44,80,100,15.61,UA,1707498544
206,saldanha,-33.0117,17.9442,66.79,70,5,13.62,ZA,1707498544
207,labytnangi,66.6572,66.4183,-0.33,82,88,18.57,RU,1707498544
208,papao,-17.75,-149.55,80.28,82,89,8.86,PF,1707498544
209,tromso,69.6496,18.957,23.02,58,75,6.91,NO,1707498544
210,hilo,19.7297,-155.09,70.29,94,75,5.75,US,1707498544
211,san remo,43.8182,7.7612,53.2,99,100,4.76,IT,1707498544
212,west island,-12.1568,96.8225,82.38,74,45,8.05,CC,1707498280
213,pingliang,35.5392,106.6861,30.96,49,29,4.0,CN,1707498545
214,opuwo,-18.0607,13.84,85.77,43,39,0.4,NA,1707498545
215,arraial do cabo,-22.9661,-42.0278,89.46,62,20,19.57,BR,1707498545
216,kavaratti,10.5669,72.642,82.71,73,73,4.03,IN,1707498545
217,peniche,39.3558,-9.3811,59.56,86,32,29.55,PT,1707498545
218,tazacorte,28.629,-17.9293,74.37,97,40,9.22,ES,1707498546
219,bilibino,68.0546,166.4372,-17.37,99,100,1.32,RU,1707498546
220,prabumulih,-3.45,104.25,74.55,98,100,2.39,ID,1707498546
221,pangody,65.85,74.4859,5.79,95,100,11.01,RU,1707498546
222,pampas,-12.4,-74.9,61.61,54,97,2.35,PE,1707498546
223,wuwei,37.9281,102.6414,24.24,61,19,4.34,CN,1707498546
224,rikaze,29.25,88.8833,24.46,17,0,1.48,CN,1707498321
225,anadyr,64.75,177.4833,10.9,84,75,15.66,RU,1707498547
226,chimore,-16.9833,-65.1333,85.32,76,16,4.27,BO,1707498547
227,sangmelima,2.9333,11.9833,83.52,47,77,2.28,CM,1707498547
228,al bahah,20.0129,41.4677,60.22,89,67,5.91,SA,1707498548
229,fort mcmurray,56.7268,-111.381,12.79,83,57,6.58,CA,1707498548
230,awjilah,29.1081,21.2869,64.09,31,31,7.43,LY,1707498548
231,kangding,30.0513,101.9603,28.78,58,100,6.02,CN,1707498548
232,brookings,44.3114,-96.7984,31.05,87,100,17.27,US,1707498548
233,manturovo,58.3353,44.7619,5.79,96,98,5.48,RU,1707498548
234,hailar,49.2,119.7,-14.96,100,67,5.1,CN,1707498549
235,bubaque,11.2833,-15.8333,80.42,73,15,13.02,GW,1707498549
236,montague,42.5356,-72.5351,50.09,77,100,1.99,US,1707498549
237,belmonte,-15.8631,-38.8828,78.67,77,98,5.12,BR,1707498549
238,tchibanga,-2.85,11.0333,78.13,91,90,4.21,GA,1707498549
239,tura,25.5198,90.2201,57.27,55,0,3.29,IN,1707498549
240,solleftea,63.1667,17.2667,-7.74,100,95,2.86,SE,1707498549
241,shanwei,22.782,115.3475,56.14,66,97,7.74,CN,1707498550
242,vilhena,-12.7406,-60.1458,88.43,53,82,3.78,BR,1707498357
243,santa cruz,-17.8,-63.1667,77.05,78,100,11.5,BO,1707498550
244,atafu village,-8.5421,-172.5159,84.67,75,100,9.86,TK,1707498399
245,belyy yar,53.6039,91.3903,37.29,75,0,13.42,RU,1707498470
246,vadso,70.0744,29.7487,6.96,85,75,9.22,NO,1707498550
247,safford,32.834,-109.7076,45.1,67,0,3.44,US,1707498550
248,dingras,18.1032,120.6967,70.48,85,3,7.36,PH,1707498551
249,acapulco de juarez,16.8634,-99.8901,84.02,58,20,5.75,MX,1707498504
250,alamosa,37.4695,-105.87,28.38,43,0,5.75,US,1707498551
251,sao felix do xingu,-6.6447,-51.995,83.14,84,89,3.42,BR,1707498551
252,rio grande,-32.035,-52.0986,91.51,73,7,15.14,BR,1707498551
253,san antonio de pale,-1.4014,5.6325,81.59,77,100,5.84,GQ,1707498551
254,borovskoy,53.8,64.15,9.63,91,31,11.65,KZ,1707498552
255,elliot lake,46.3834,-82.6331,36.97,87,99,11.88,CA,1707498552
256,gulf shores,30.246,-87.7008,75.29,70,0,12.66,US,1707498389
257,khandyga,62.6667,135.6,-47.87,100,84,1.97,RU,1707498552
258,mahina,-17.5065,-149.489,80.37,83,0,2.3,PF,1707498552
259,joacaba,-27.1781,-51.5047,94.12,36,86,1.48,BR,1707498307
260,loikaw,19.6742,97.2094,61.18,47,1,4.07,MM,1707498553
261,glace bay,46.1969,-59.957,37.06,80,6,5.01,CA,1707498553
262,bayji,34.9311,43.487,60.78,52,100,7.7,IQ,1707498553
263,labrador city,52.9463,-66.9114,33.19,71,100,8.99,CA,1707498553
264,akureyri,65.6835,-18.0878,9.25,87,100,4.76,IS,1707498553
265,eraan,9.0629,117.7016,78.22,88,96,9.35,PH,1707498554
266,motueka,-41.1333,173.0167,58.1,80,4,3.87,NZ,1707498554
267,aripuana,-9.1667,-60.6333,82.22,73,100,2.77,BR,1707498320
268,wewak,-3.5534,143.6268,78.04,89,100,7.61,PG,1707498554
269,villa gesell,-37.2639,-56.973,77.05,77,90,16.26,AR,1707498554
270,revda,56.801,59.9303,4.53,92,100,9.15,RU,1707498554
271,talnakh,69.4865,88.3972,-11.78,81,77,5.7,RU,1707498554
272,chibougamau,49.9168,-74.3659,33.42,75,100,12.66,CA,1707498555
273,irituia,-1.7711,-47.4381,83.55,87,76,4.05,BR,1707498555
274,malangali,-8.5667,34.85,66.65,92,96,3.42,TZ,1707498555
275,afaahiti,-17.75,-149.2833,78.67,81,98,8.19,PF,1707498555
276,chernyshevsk,52.5243,117.0174,-13.61,100,100,1.32,RU,1707498555
277,oranjemund,-28.55,16.4333,68.11,74,0,19.44,NA,1707498465
278,misratah,32.3754,15.0925,67.51,33,100,11.68,LY,1707498556
279,arvayheer,46.2639,102.775,8.85,71,32,9.75,MN,1707498556
280,abepura,-2.6333,140.5833,76.01,100,40,2.3,ID,1707498556
281,karwar,14.8,74.1333,77.02,69,44,7.87,IN,1707498556
282,acarau,-2.8856,-40.12,89.17,60,46,17.96,BR,1707498556
283,hadibu,12.65,54.0333,77.99,69,59,15.79,YE,1707498556
284,marsa alam,25.0757,34.8918,69.64,61,3,7.14,EG,1707498557
285,puerto ayacucho,5.6639,-67.6236,93.76,48,81,6.51,VE,1707498557
286,bafq,31.6128,55.4107,57.16,15,0,1.03,IR,1707498315
287,cidreira,-30.1811,-50.2056,81.03,78,12,13.85,BR,1707498379
288,itoman,26.1247,127.6694,60.82,67,100,17.27,JP,1707498557
289,santa vitoria do palmar,-33.5189,-53.3681,87.62,53,87,11.3,BR,1707498297
290,piranhas,-16.4269,-51.8222,88.34,59,99,4.92,BR,1707498557
291,putian,25.4394,119.0103,46.81,87,14,3.56,CN,1707498558
292,severobaykal'sk,55.65,109.3167,7.5,96,100,2.42,RU,1707498558
293,beira,-19.8436,34.8389,79.74,75,6,8.52,MZ,1707498558
294,barra do corda,-5.5,-45.25,89.01,57,88,6.93,BR,1707498558
295,gordonvale,-17.0936,145.7842,76.91,100,20,4.05,AU,1707498558
296,udachny,66.4167,112.4,-30.12,100,100,2.98,RU,1707498558
297,ramnagar,29.4,79.1167,52.86,50,0,4.61,IN,1707498559
298,mamontovo,52.7055,81.6244,34.59,97,100,29.55,RU,1707498559
299,nuku'alofa,-21.1333,-175.2,79.14,94,20,4.61,TO,1707498559
300,borujerd,33.8973,48.7516,39.74,57,99,3.13,IR,1707498559
301,kendari,-3.945,122.4989,77.07,92,47,1.52,ID,1707498559
302,quevedo,-1.0333,-79.45,81.79,83,100,2.01,EC,1707498559
303,jamaame,0.0697,42.745,80.83,78,45,16.2,SO,1707498560
304,kitzbuhel,47.4464,12.3922,50.79,73,100,5.41,AT,1707498292
305,isangel,-19.55,169.2667,78.51,91,100,14.9,VU,1707498560
306,buka,40.8108,69.1986,52.38,37,1,6.33,UZ,1707498560
307,constantia,44.1833,28.65,52.48,70,39,11.72,RO,1707498560
308,moss point,30.4116,-88.5345,74.16,77,75,16.11,US,1707498560
309,wailua homesteads,22.0669,-159.378,70.59,86,100,4.61,US,1707498561
310,chernyshevskiy,63.0128,112.4714,-29.85,100,94,2.1,RU,1707498561
311,saacow,1.6279,42.4407,91.53,37,29,19.3,SO,1707498561
312,badger,64.8,-147.5333,11.35,80,75,0.0,US,1707498561
313,mar del plata,-38.0023,-57.5575,76.51,89,100,11.5,AR,1707498561
314,vila velha,-20.3297,-40.2925,89.55,67,20,12.66,BR,1707498512
315,enewetak,11.3474,162.3373,79.65,81,100,20.8,MH,1707498442
316,sile,41.1754,29.6133,56.07,70,9,8.19,TR,1707498562
317,yuzhno-kurilsk,44.0306,145.8556,18.37,82,91,0.29,RU,1707498415
318,fukuecho,32.6881,128.8419,47.55,60,51,19.22,JP,1707498562
319,novobureyskiy,49.798,129.8774,-20.87,100,61,1.68,RU,1707498562
320,caleta de carquin,-11.0925,-77.6267,80.35,74,55,8.88,PE,1707498563
321,vorgashor,67.5833,63.95,-4.81,93,8,12.1,RU,1707498390
322,kapa'a,22.0752,-159.319,71.92,86,100,4.61,US,1707498563
323,shepton mallet,51.1897,-2.5472,51.51,92,95,1.01,GB,1707498563
324,juegang,32.3174,121.1855,38.41,79,31,7.4,CN,1707498563
325,silver springs,29.1044,-82.0206,74.05,68,84,3.0,US,1707498563
326,alexandria,31.2156,29.9553,62.38,57,0,6.53,EG,1707498497
327,tazovsky,67.4667,78.7,-0.96,97,97,10.87,RU,1707498564
328,zarghun shahr,32.8473,68.4457,24.17,54,0,4.38,AF,1707498564
329,chateau-gontier,47.8333,-0.7,55.56,88,56,14.7,FR,1707498564
330,szecseny,48.0806,19.5202,51.37,77,100,6.58,HU,1707498564
331,concepcion,-36.827,-73.0498,67.23,59,3,7.63,CL,1707498405
332,luderitz,-26.6481,15.1594,72.91,53,62,30.56,NA,1707498564
333,narok,-1.0783,35.8601,66.87,70,84,3.78,KE,1707498565
334,taltal,-25.4,-70.4833,74.14,73,23,5.7,CL,1707498565
335,sysert',56.4953,60.8192,8.55,87,83,7.25,RU,1707498565
336,sandnessjoen,66.0217,12.6316,30.42,86,75,14.97,NO,1707498565
337,mansa,29.9833,75.3833,52.68,24,0,3.71,IN,1707498565
338,khadan khak,30.7477,67.7085,43.16,41,0,3.42,PK,1707498565
339,bac lieu,9.285,105.7244,78.8,83,14,16.69,VN,1707498566
340,hithadhoo,-0.6,73.0833,83.35,70,99,13.69,MV,1707498566
341,kantilo,20.35,85.1833,65.35,65,9,3.11,IN,1707498566
342,vernon,50.2581,-119.2691,33.44,70,52,1.01,CA,1707498566
343,fisterra,42.9049,-9.2629,55.74,83,100,20.67,ES,1707498566
344,tual,-5.6667,132.75,83.73,79,85,14.0,ID,1707498567
345,danielskuil,-28.1887,23.5395,82.08,22,46,16.35,ZA,1707498567
346,murun-kuren,49.6342,100.1625,0.91,90,26,3.56,MN,1707498567
347,zaozersk,69.4005,32.4476,-2.63,97,100,4.23,RU,1707498567
348,nicoya,10.1483,-85.452,92.23,37,4,8.86,CR,1707498568
349,ankazoabo,-22.2833,44.5167,76.66,84,96,6.11,MG,1707498568
350,torquay,50.4638,-3.5143,52.59,93,98,4.0,GB,1707498568
351,beledweyne,4.7358,45.2036,89.56,27,51,11.01,SO,1707498568
352,grand-bassam,5.2118,-3.7388,87.76,66,4,10.65,CI,1707498568
353,kingston,17.997,-76.7936,86.16,53,2,7.0,JM,1707498457
354,la ronge,55.1001,-105.2842,17.82,93,75,0.0,CA,1707498569
355,remire-montjoly,4.9167,-52.2667,87.84,70,75,14.97,GF,1707498425
356,walla walla,46.0646,-118.343,39.49,90,100,9.22,US,1707498485
357,natal,-5.795,-35.2094,90.25,58,40,18.41,BR,1707498463
358,beroun,49.9638,14.072,52.18,79,100,3.56,CZ,1707498569
359,port alfred,-33.5906,26.891,68.18,87,27,5.99,ZA,1707498569
360,ha'il,27.5219,41.6907,64.42,45,0,6.91,SA,1707498569
361,paracuru,-3.41,-39.0306,86.11,63,69,13.06,BR,1707498570
362,oistins,13.0667,-59.5333,82.49,78,75,21.85,BB,1707498570
363,coxen hole,16.3244,-86.5366,79.88,61,20,17.27,HN,1707498483
364,andergrove,-21.0833,149.1833,76.64,73,27,13.89,AU,1707498570
365,tikhvin,59.6451,33.5294,3.22,100,96,1.97,RU,1707498571
366,bereznik,62.8551,42.7072,-2.09,99,82,1.79,RU,1707498571
367,barguzin,53.6167,109.6167,9.88,92,98,0.81,RU,1707498571
368,illizi,26.4833,8.4667,68.68,11,40,2.62,DZ,1707498571
369,santander,43.4647,-3.8044,58.46,73,75,11.5,ES,1707498571
370,mukalla,14.5425,49.1242,75.85,77,6,8.63,YE,1707498571
371,east london,-33.0153,27.9116,71.94,78,93,12.06,ZA,1707498572
372,namibe,-15.1961,12.1522,78.67,78,59,10.4,AO,1707498572
373,dudinka,69.4058,86.1778,-16.33,92,96,5.01,RU,1707498572
374,valasske klobouky,49.1406,18.0076,48.81,93,100,5.21,CZ,1707498572
375,fort oglethorpe,34.949,-85.2569,55.53,81,100,3.44,US,1707498305
376,puerto armuelles,8.2833,-82.8667,91.38,68,10,1.01,PA,1707498572
377,necochea,-38.5473,-58.7368,73.69,81,100,3.29,AR,1707498573
378,hodonin,48.8489,17.1324,50.83,89,100,5.59,CZ,1707498573
379,dellys,36.9172,3.9131,60.73,61,100,10.45,DZ,1707498573
380,el alto,-4.2714,-81.2147,80.26,80,95,7.0,PE,1707498573
381,la foa,-21.7108,165.8276,76.93,79,100,5.37,NC,1707498573
382,sotouboua,8.5667,0.9833,95.85,10,41,3.76,TG,1707498573
383,nelson bay,-32.7167,152.15,72.1,95,33,17.0,AU,1707498574
384,upper hutt,-41.1383,175.0502,64.72,92,7,9.53,NZ,1707498574
385,jinghong,21.991,100.7341,62.91,49,1,3.02,CN,1707498574
386,bullsbrook,-31.6667,116.0,87.71,30,0,0.0,AU,1707498574
387,robore,-18.3333,-59.75,91.49,58,20,20.71,BO,1707498574
388,seddouk,36.5472,4.6861,57.88,51,100,8.12,DZ,1707498574
389,i-n-salah,27.1935,2.4607,73.42,10,96,9.53,DZ,1707498574
390,cobh,51.8572,-8.2992,47.44,81,20,12.66,IE,1707498575
391,parkes,-33.1333,148.1833,65.35,70,0,8.23,AU,1707498575
392,fort frances,48.5999,-93.4003,22.15,86,100,11.5,CA,1707498575
393,tolanaro,-25.0319,46.9987,77.36,86,2,13.56,MG,1707498575
394,qamdo,31.1667,97.2333,8.85,35,0,0.34,CN,1707498575
395,mil'kovo,55.6078,37.7956,14.14,92,97,6.46,RU,1707498575
396,laascaanood,8.4774,47.3597,80.91,29,4,11.36,SO,1707498576
397,kidal,18.4411,1.4078,83.68,6,83,4.05,ML,1707498576
398,st. john's,47.5649,-52.7093,33.78,95,87,14.0,CA,1707498419
399,kununurra,-15.7667,128.7333,80.58,89,80,3.44,AU,1707498576
400,mersa matruh,31.3525,27.2453,61.2,69,0,9.31,EG,1707498576
401,salalah,17.0151,54.0924,75.29,60,0,2.3,OM,1707498576
402,kirensk,57.7853,108.1119,20.97,96,100,7.0,RU,1707498576
403,kiffa,16.6166,-11.4045,96.31,6,0,4.74,MR,1707498577
404,masterton,-40.9597,175.6575,62.89,94,4,4.61,NZ,1707498577
405,zahedan,29.4963,60.8629,49.91,27,0,4.61,IR,1707498533
406,paita,-5.0892,-81.1144,81.97,73,90,7.76,PE,1707498577
407,lerwick,60.1545,-1.1494,35.6,60,100,24.9,GB,1707498577
408,kerikeri,-35.2268,173.9474,66.9,92,92,3.13,NZ,1707498577
409,kayangel,8.0823,134.7173,81.7,77,95,20.85,PW,1707498578
410,nagqu,31.5,92.0,5.23,35,0,6.06,CN,1707498321
411,porto franco,-6.3383,-47.3992,84.54,72,95,4.99,BR,1707498578
412,happy valley-goose bay,53.3168,-60.3315,29.88,85,61,4.94,CA,1707498578
413,gannan,47.9147,123.5031,-2.36,99,82,3.62,CN,1707498578
414,villa yapacani,-17.4,-63.8333,91.58,49,76,10.78,BO,1707498578
415,lethem,3.3803,-59.7968,101.57,29,30,10.2,GY,1707498578
416,coquimbo,-29.9533,-71.3436,69.53,83,40,12.66,CL,1707498286
417,arkhangel'sk,64.5401,40.5433,8.71,92,20,6.71,RU,1707498579
418,yiyang,28.5892,112.3283,38.46,87,45,4.72,CN,1707498579
419,al hazm,16.1641,44.7769,74.84,29,0,7.72,YE,1707498579
420,vakfikebir,41.0458,39.2764,60.67,66,37,7.49,TR,1707498579
421,bredy,52.4153,60.3411,5.22,88,7,17.13,RU,1707498579
422,slantsy,59.1182,28.0914,6.21,96,4,1.68,RU,1707498579
423,lucapa,-8.4192,20.7447,74.14,85,78,2.71,AO,1707498580
424,virginia beach,36.8529,-75.978,55.04,66,100,11.5,US,1707498317
425,howard springs,-12.497,131.047,78.98,96,100,3.65,AU,1707498485
426,midelt,32.6852,-4.7451,51.78,85,100,20.09,MA,1707498580
427,lagdo,9.05,13.7333,91.29,12,29,4.88,CM,1707498580
428,sao vicente,-23.9631,-46.3919,93.38,70,90,7.78,BR,1707498580
429,betio village,1.358,172.9211,82.33,82,100,10.85,KI,1707498580
430,wanning,18.8003,110.3967,61.68,85,99,12.55,CN,1707498581
431,benalla,-36.55,145.9833,56.3,65,39,6.22,AU,1707498581
432,cuyo,10.8525,121.0086,79.81,84,84,21.41,PH,1707498581
433,zhangjiakou,40.81,114.8794,10.22,82,1,6.33,CN,1707498581
434,claveria,18.6074,121.0832,72.36,86,90,12.08,PH,1707498581
435,ormara,25.2088,64.6357,72.41,61,0,10.09,PK,1707498581
436,kedrovyy,56.1667,91.8167,34.21,97,100,11.9,RU,1707498582
437,shakiso,5.75,38.9167,71.26,40,55,3.89,ET,1707498582
438,hastings,50.8552,0.5729,52.99,87,60,20.29,GB,1707498582
439,padang,-0.9492,100.3543,77.05,88,71,3.69,ID,1707498582
440,rongelap,11.1635,166.8941,79.07,74,100,22.73,MH,1707498582
441,timaru,-44.4,171.25,54.07,93,38,4.03,NZ,1707498582
442,lompoc,34.6391,-120.4579,51.6,58,100,4.0,US,1707498582
443,alpine,32.835,-116.7664,50.22,96,92,3.33,US,1707498583
444,argo,37.6333,22.7333,59.79,66,0,2.33,GR,1707498583
445,praia,14.9215,-23.5087,86.54,23,0,16.11,CV,1707498583
446,richards bay,-28.783,32.0377,76.44,89,45,10.92,ZA,1707498583
447,issia,6.4922,-6.5856,99.43,20,5,1.86,CI,1707498583
448,la passe,45.5549,-0.8967,57.43,88,91,8.48,FR,1707498583
449,sitka,57.0531,-135.33,39.09,70,100,23.02,US,1707498381
450,eaton,42.6,-84.85,58.24,44,0,17.27,US,1707498584
451,qaryat suluq,31.6682,20.2521,60.6,60,0,4.0,LY,1707498584
452,khark,29.2614,50.3306,65.57,55,0,10.16,IR,1707498584
453,north haven,41.3909,-72.8595,51.19,73,40,16.11,US,1707498584
454,castillos,-34.1667,-53.8333,86.38,56,33,14.65,UY,1707498584
455,klyuchi,52.2667,79.1667,39.15,79,100,25.05,RU,1707498584
456,progreso,21.2833,-89.6667,86.97,38,52,10.2,MX,1707498585
457,carbonear,47.7332,-53.2148,34.23,88,41,13.24,CA,1707498585
458,lycksele,64.5954,18.6735,6.67,85,95,3.44,SE,1707498585
459,ijmuiden,52.4573,4.6111,53.94,86,75,10.36,NL,1707498585
460,severo-yeniseyskiy,60.3725,93.0408,19.58,91,100,7.0,RU,1707498585
461,grande prairie,55.1667,-118.8027,9.14,92,38,2.57,CA,1707498502
462,piti village,13.4626,144.6933,79.68,78,0,9.22,GU,1707498586
463,cannonvale,-20.2833,148.7,81.79,72,11,15.5,AU,1707498586
464,chipiona,36.7366,-6.437,64.62,82,40,17.27,ES,1707498586
465,akhty,41.4597,47.7312,39.88,64,98,9.17,RU,1707498586
466,yamada,39.4667,141.95,31.77,85,67,2.53,JP,1707498586
467,mejit,10.2753,170.8646,79.14,78,100,23.44,MH,1707498586
468,flying fish cove,-10.4217,105.6791,80.28,89,75,6.91,CX,1707498586
469,cadale,2.7603,46.3222,80.02,83,59,22.26,SO,1707498586
470,dunkirk,51.05,2.3667,54.09,39,85,1.99,FR,1707498587
471,horta,38.5333,-28.6333,60.44,80,20,7.0,PT,1707498587
472,villa huidobro,-34.8383,-64.5869,70.05,91,100,9.24,AR,1707498587
473,ketchikan,55.3422,-131.6461,37.38,86,100,9.22,US,1707498587
474,trairi,-3.2778,-39.2689,88.57,60,68,12.84,BR,1707498435
475,kuta,-8.7233,115.1723,82.35,83,20,2.3,ID,1707498587
476,zouerate,22.7187,-12.4521,85.96,6,39,10.85,MR,1707498587
477,wagoner,35.9595,-95.3694,62.65,56,100,12.06,US,1707498587
478,quepos,9.4236,-84.1652,87.98,58,6,6.73,CR,1707498588
479,donges,47.3182,-2.0754,55.6,88,100,16.11,FR,1707498588
480,sarakhs,36.5449,61.1577,58.33,33,0,6.78,IR,1707498588
481,el calafate,-50.3408,-72.2768,60.49,55,100,8.72,AR,1707498588
482,touros,-5.1989,-35.4608,86.67,66,29,14.0,BR,1707498588
483,marquette,46.5333,-87.6335,37.81,78,100,18.01,US,1707498589
484,dunedin,-45.8742,170.5036,54.81,93,100,1.99,NZ,1707498589
485,suntar,62.1444,117.6319,-33.14,100,100,1.99,RU,1707498589
486,jurm,36.8648,70.8342,30.47,50,81,6.29,AF,1707498589
487,novosibirsk,55.0411,82.9344,33.1,100,100,11.18,RU,1707498589
488,chernihiv,51.0,32.0,29.73,78,88,8.39,UA,1707498590
489,madang,-5.2246,145.7966,76.24,92,100,7.87,PG,1707498590
490,mountain home,43.133,-115.6912,33.28,91,100,9.22,US,1707498590
491,midvagur,62.0511,-7.1939,32.83,86,75,13.8,FO,1707498590
492,gaigeturi,33.4644,126.3183,44.69,60,63,11.95,KR,1707498590
493,ringkobing,56.0901,8.244,32.02,94,100,31.79,DK,1707498590
494,sault ste. marie,46.5168,-84.3333,39.49,85,100,13.8,CA,1707498590
495,vorkuta,67.5,64.0,-3.98,94,7,11.23,RU,1707498591
496,egilsstadir,65.2653,-14.3948,15.71,79,75,3.44,IS,1707498591
497,novodvinsk,64.4165,40.8122,8.35,100,87,1.86,RU,1707498591
498,mary,37.0,62.5,57.85,29,0,10.42,TM,1707498591
499,tralee,52.2704,-9.7026,50.25,71,75,6.91,IE,1707498591
500,choyr,46.3611,108.3611,-7.71,91,34,3.89,MN,1707498591
501,fada,9.5667,8.3,88.9,14,21,5.5,NG,1707498592
502,inhambane,-23.865,35.3833,78.55,76,1,9.57,MZ,1707498592
503,belle chasse,29.8549,-89.9906,77.0,67,75,16.11,US,1707498592
504,lyskovo,56.0328,45.0422,4.46,94,100,10.16,RU,1707498592
505,tagiura,32.8817,13.3506,65.97,41,56,4.38,LY,1707498592
506,pitrufquen,-38.9833,-72.65,85.98,25,2,2.53,CL,1707498592
507,marataizes,-21.0433,-40.8244,81.01,72,4,17.0,BR,1707498592
508,as sulayyil,20.4607,45.5779,68.25,30,1,12.03,SA,1707498592
509,sitia,35.2,26.0986,59.77,74,3,5.93,GR,1707498593
510,cill airne,52.05,-9.5167,50.05,71,75,6.91,IE,1707498593
511,cabo san lucas,22.8909,-109.9124,71.76,66,75,10.36,MX,1707498367
512,isla mujeres,21.2311,-86.731,78.85,63,84,16.91,MX,1707498593
513,mahibadhoo,3.7833,72.9667,82.0,76,76,18.21,MV,1707498593
514,saipan,15.1355,145.701,77.7,78,20,13.8,MP,1707498593
515,campbellton,48.0075,-66.6727,33.08,92,98,1.81,CA,1707498593
516,bereeda,11.8704,51.0579,78.39,72,66,13.58,SO,1707498593
517,vytegra,61.0064,36.4481,8.83,99,100,0.81,RU,1707498594
518,cheyenne,41.14,-104.8203,33.98,62,75,3.44,US,1707498594
519,saint-francois,46.4154,3.9054,51.66,88,100,9.22,FR,1707498594
520,thal,35.4791,72.2439,26.87,62,7,8.97,PK,1707498594
521,conception bay south,47.4999,-52.9981,33.55,96,100,16.11,CA,1707498594
522,melchor de mencos,17.0686,-89.1522,80.6,65,20,4.61,GT,1707498594
523,mendi,-6.1761,143.6513,55.15,95,100,2.89,PG,1707498594
524,oriximina,-1.7656,-55.8661,97.02,38,43,4.61,BR,1707498594
525,pont rouge,48.8833,-72.0825,33.85,99,99,9.28,CA,1707498595
526,pitkyaranta,61.5734,31.4792,13.51,93,87,8.14,RU,1707498335
527,fort wellington,6.4,-57.6,84.61,65,76,10.85,GY,1707498595
528,gualan,15.1333,-89.3667,82.78,55,33,5.12,GT,1707498595
529,port hedland,-20.3167,118.5667,86.05,58,11,10.36,AU,1707498416
530,cockburn town,21.4612,-71.1419,74.5,66,4,16.06,TC,1707498595
531,fallon,39.4735,-118.7774,37.11,72,100,3.44,US,1707498595
532,hopkinton,41.4612,-71.7776,46.78,83,100,5.01,US,1707498595
533,hotan,37.0997,79.9269,31.3,62,8,6.15,CN,1707498596
534,la'ie,21.6477,-157.9253,72.61,84,62,8.01,US,1707498466
535,ayame,5.6083,-3.1563,92.97,43,9,7.96,CI,1707498596
536,santa pola,38.1917,-0.5658,58.66,87,20,7.0,ES,1707498596
537,dalandzadgad,43.5708,104.425,14.05,69,100,15.5,MN,1707498596
538,tofol,5.3248,163.0078,82.18,76,100,20.62,FM,1707498596
539,chaman,30.9236,66.4512,50.61,33,0,5.17,PK,1707498596
540,mata-utu,-13.2816,-176.1745,84.16,81,100,16.96,WF,1707498596
541,wellington,-41.2866,174.7756,65.07,79,20,23.02,NZ,1707498596
542,kresttsy,58.2452,32.5165,-4.65,100,53,1.7,RU,1707498597
543,sulak,43.2734,47.5146,50.13,80,5,16.98,RU,1707498597
544,sooke,48.3746,-123.7276,43.29,84,100,7.16,CA,1707498597
545,bontang,0.1333,117.5,78.73,87,95,7.87,ID,1707498597
546,gonabad,34.3529,58.6837,51.35,29,0,4.12,IR,1707498440
547,praia da vitoria,38.7333,-27.0667,61.75,78,100,10.8,PT,1707498597
548,kailua-kona,19.6406,-155.9956,69.76,79,20,5.75,US,1707498597
549,namdrik,5.5994,168.1028,80.65,75,100,18.12,MH,1707498597
550,bafra,41.5678,35.9069,55.2,64,2,4.03,TR,1707498598
551,letlhakeng,-24.0944,25.0298,86.77,31,66,6.35,BW,1707498598
552,tutoia,-2.7619,-42.2744,86.95,65,70,13.96,BR,1707498598
553,fortaleza,-3.7227,-38.5247,89.73,66,75,13.8,BR,1707498419
554,arteche,12.2645,125.4048,76.66,87,4,9.4,PH,1707498598
555,pacific grove,36.6177,-121.9166,49.42,87,0,3.0,US,1707498598
556,port isabel,26.0734,-97.2086,78.89,71,0,18.41,US,1707498598
557,korsakov,46.6328,142.7813,3.0,99,48,4.68,RU,1707498598
558,nasipit,8.9692,125.2947,71.73,90,68,5.46,PH,1707498598
559,parras de la fuente,25.4167,-102.1833,69.13,16,81,6.38,MX,1707498599
560,geraldton,-28.7667,114.6,73.81,33,0,5.75,AU,1707498599
561,ilomantsi,62.6716,30.9328,7.7,91,92,6.78,FI,1707498599
562,woodstock,43.1334,-80.7497,53.82,89,54,17.96,CA,1707498599
563,la sarre,48.8002,-79.1996,36.52,100,100,11.72,CA,1707498599
564,crane,31.3974,-102.3501,58.32,28,100,16.24,US,1707498398
565,talara,-4.5772,-81.2719,83.16,78,75,9.22,PE,1707498600
566,harrisburg,40.2737,-76.8844,53.04,66,0,6.91,US,1707498367
567,sumbawa besar,-8.5,117.4333,76.68,92,97,3.0,ID,1707498600
568,hasaki,35.7333,140.8333,39.29,65,97,9.35,JP,1707498600
569,molchanovo,57.5817,83.7692,28.08,83,97,12.21,RU,1707498600
570,az zubayr,30.3945,47.7011,66.06,34,0,2.3,IQ,1707498600
571,port macquarie,-31.4333,152.9167,69.89,85,100,10.78,AU,1707498600
572,fujin,47.26,132.0322,-8.66,100,84,3.51,CN,1707498601
573,renfrew,55.872,-4.3925,40.51,90,100,23.02,GB,1707498601
574,harstad,68.799,16.5293,28.15,93,100,40.0,NO,1707498601
575,naze,28.3667,129.4833,53.96,68,77,12.46,JP,1707498601
576,muroto-misakicho,33.2833,134.15,49.23,66,21,5.75,JP,1707498471
577,paciran,-6.8767,112.3761,79.09,86,60,4.14,ID,1707498602
578,arish,31.1316,33.7984,61.47,65,0,5.5,EG,1707498602
579,yukhnov,54.7444,35.2297,9.0,99,99,2.57,RU,1707498602
580,ca mau,9.1769,105.15,78.04,84,29,10.92,VN,1707498604
581,ati,13.2154,18.3353,79.75,10,48,7.96,TD,1707498604
582,nishinoomote,30.7333,131.0,54.27,60,99,22.59,JP,1707498604
583,damghan,36.1683,54.348,46.0,49,44,3.04,IR,1707498604
584,nova xavantina,-14.6667,-52.35,91.17,54,80,2.86,BR,1707498479
585,ha giang,22.8333,104.9833,57.25,71,87,0.67,VN,1707498605
586,ust'-kulom,61.6864,53.6902,6.44,95,99,5.7,RU,1707498605
587,carora,10.1755,-70.0827,80.69,64,95,7.63,VE,1707498605
588,uruacu,-14.5247,-49.1408,80.11,75,100,3.29,BR,1707498605
589,baiyin,36.5583,104.2081,24.03,67,27,3.91,CN,1707498606
590,le moule,16.3332,-61.3473,82.44,77,60,7.54,GP,1707498606
591,baiti,13.745,-14.7482,105.06,6,0,6.35,SN,1707498606
592,concordia,-31.393,-58.0209,99.79,43,98,5.01,AR,1707498457
593,borogontsy,62.6683,131.1683,-45.99,100,89,2.93,RU,1707498606
594,broome,42.2506,-75.833,55.89,61,0,11.5,US,1707498607
595,melfort,52.8667,-104.6177,17.01,88,96,3.96,CA,1707498607
596,marion,39.7684,-86.1555,62.35,69,75,16.11,US,1707498567
597,tshabong,-26.05,22.45,94.95,18,73,18.07,BW,1707498607
598,swift current,50.2834,-107.8014,22.01,100,100,12.66,CA,1707498444
599,ruokolahti,61.2833,28.8333,7.11,81,87,6.98,FI,1707498607
600,alur,12.9833,75.9833,70.66,37,69,5.17,IN,1707498608
